caro@caro-Lenovo-IdeaPad-S540-14IWL:~/slam6d-code$ cat dat/Caro_Physik/normals/scan000.3d
Punkt: x, y, z    Normal: x, y, z

-- Steigung
885.066 -28.8484 -140.991   0.123923 -0.991894 -0.0280882 
910.202 -25.9118 -133.202   0.116524 -0.992939 -0.0222385 
893.731 -27.8221 -138.092   0.127679 -0.991517 -0.0243304 
842.777 -34.1091 -133.853   0.120039 -0.992181 -0.0341832 
782.511 -41.4089 -137.086   0.0922525 -0.995638 -0.0139548 
739.619 -46.9116 -125.398   0.125037 -0.991904 -0.0222002 
706.955 -50.9821 -127.525   0.112708 -0.993378 -0.0223169 
- Avg. angle from [0, 0, -1] = 6.8568

-- Fläche unten
290.955 -85.1057 -84.8763      0.0021478  -0.999018  0.0442542 
313.603 -85.3287 -96.8772     -0.0190814  -0.998724  0.0467624 
355.528 -85.5191 -100.15      -0.0207344  -0.999723 -0.0111006 
383.702 -85.872  -96.0171     -0.0282643  -0.999442  0.0178059 
385.297 -85.8439 -48.613      -0.00161069 -0.999966 -0.00808642 
362.12  -85.3668 -46.8733     -0.0431822  -0.999067  0.000006413
364.625 -85.6091 -97.9302     -0.0120018  -0.999597 -0.0257306 
- Avg. angle from [0, 0, -1] = 1.8959