caro@caro-Lenovo-IdeaPad-S540-14IWL:~/slam6d-code$ cat dat/Caro_Draussen/exported/reduced/normals/scan000.3d
Punkt: x, y, z    Normal: x, y, z

-- Boden flach unten - Start
415.881 -148.726 -478.235   -0.0130712  -0.999649  0.023052 
430.128 -148.399 -476.167   -0.0451061  -0.998887  0.0137745 
446.31  -148.942 -473.698   -0.0205986  -0.999509 -0.0236123 
442.13  -148.889 -476.396   -0.0181935  -0.999717  0.0153041 
452.408 -149.457 -470.209    0.016274   -0.999867  0.00136424 
465.474 -149.11  -457.281    0.00627061 -0.999011  0.0440172 
471.868 -148.072 -455.828   -0.0437191  -0.999043 -0.000883782 
- Avg. angle from [0, 0, -1] = 1.9100


-- Steigung
614.92  -133.246 -610.677   0.155075  -0.982873 -0.099561 
691.934 -120.725 -646.823   0.130541  -0.986992 -0.0938356 
627.203 -131.439 -610.546   0.112654  -0.988338 -0.102456 
671.865 -124.683 -636.02    0.213699  -0.968011 -0.131485 
707.299 -117.788 -660.206   0.147352  -0.980684 -0.128632 
681.014 -122.488 -643.208   0.088787  -0.987578 -0.129639
668.65  -125.597 -636.772   0.134429  -0.988972 -0.0621615 
- Avg. angle from [0, 0, -1] = 10.285


-- Boden flach oben - Stop
1343.73 -23.6385 -962.804   -0.023955  -0.999645 -0.0116446 
1265.99 -25.6869 -946.463    0.0341833 -0.999214 -0.0200604 
1327.62 -24.6547 -961.118   -0.0193378 -0.99946  -0.0265604 
1307.49 -24.5482 -974.781    0.0010017 -0.999983 -0.00569761 
1370.11 -25.605  -980.541    0.0340376 -0.999308 -0.0149788 
1368.85 -24.9068 -980.591   -0.0220727 -0.999434 -0.0253848 
1371.83 -25.5902 -974.34     0.0349035 -0.998818 -0.0338148 
- Avg. angle from [0, 0, -1] = 1.8373
