caro@caro-Lenovo-IdeaPad-S540-14IWL:~/slam6d-code$ cat dat/Caro_Draussen/exported/normals/scan000.3d
Punkt: x, y, z    Normal: x, y, z

-- Boden flach oben - Start
1343.73 -23.6385 -962.804   -0.023955  -0.999645 -0.0116446 
1265.99 -25.6869 -946.463    0.0341833 -0.999214 -0.0200604 
1327.62 -24.6547 -961.118   -0.0193378 -0.99946  -0.0265604 
1307.49 -24.5482 -974.781    0.0010017 -0.999983 -0.00569761 
1370.11 -25.605  -980.541    0.0340376 -0.999308 -0.0149788 
1368.85 -24.9068 -980.591   -0.0220727 -0.999434 -0.0253848 
1371.83 -25.5902 -974.34     0.0349035 -0.998818 -0.0338148 
- Avg. angle from [0, 0, -1] = 1.8373

-- Steigung oben flach 
1496.96 -50.33   -1134.02   0.164404 -0.977213 -0.134261 
1511.59 -46.7541 -1086.42   0.1613   -0.984427 -0.0699007  
1492.12 -49.0645 -1127.38   0.241421 -0.966929 -0.0822432 
1530.21 -50.8346 -1097.15   0.147802 -0.982086 -0.116882
1519.06 -49.21   -1094.83   0.137519 -0.980577 -0.139848 
1468.16 -43.2837 -1114.04   0.14178  -0.975575 -0.167786 
1507.81 -45.5072 -1087.25   0.156813 -0.980726 -0.116557  
- Avg. angle from [0, 0, -1] = 11.898

-- Steigung unten steil
1669.16 -96.8045 -1180.92   0.277383 -0.938811 -0.204188 
1679.87 -96.4643 -1168.67   0.300205 -0.930669 -0.209123 
1642.31 -91.0166 -1185.95   0.223879 -0.946884 -0.230843 
1652.46 -97.2046 -1211.13   0.244696 -0.947066 -0.207824 
1640.32 -93.7727 -1208.61   0.252247 -0.954007 -0.161994 
1616.6  -90.9252 -1210.54   0.154281 -0.948361 -0.277144 
1657.65 -104.054 -1233.22   0.190769 -0.938676 -0.287218 
- Avg. angle from [0, 0, -1] = 19.314

-- Boden flach unten - Stop
2037.46 -166.945 -1323.91    0.0197932  -0.999804 -0.000951771 
2106.29 -168.007 -1320.96   -0.00601218 -0.99894   0.0456409 
2110.75 -167.488 -1314.13   -0.00135388 -0.999299 -0.0374054 
2135.4  -169.877 -1338.55   -0.00721159 -0.999761 -0.0206408 
2072.95 -168.993 -1362.68   -0.0372659  -0.999225 -0.0127006 
2048.83 -168.469 -1359.71   -0.0300513  -0.999359  0.019441 
2028.56 -167.173 -1326.93   -0.010515   -0.999916 -0.00753314 
- Avg. angle from [0, 0, -1] = 1.7459
